
7.175945e+00
7.176280e+00
7.176614e+00
7.176949e+00
7.177284e+00
7.177618e+00
7.177953e+00
7.178288e+00
7.178623e+00
7.178957e+00
7.179292e+00
7.179627e+00
7.179962e+00
7.180296e+00
7.180631e+00
7.180966e+00
7.181301e+00
7.181635e+00
7.181970e+00
7.182305e+00
7.182640e+00
7.182974e+00
7.183309e+00
7.183644e+00
7.183978e+00
7.184313e+00
7.184648e+00
7.184983e+00
7.185317e+00
7.185652e+00
7.185987e+00
7.186322e+00
7.186656e+00
7.186991e+00
7.187326e+00
7.187661e+00
7.187995e+00
7.188330e+00
7.188665e+00
7.189000e+00
7.189334e+00
7.189669e+00
7.190004e+00
7.190338e+00
7.190673e+00
7.191008e+00
7.191343e+00
7.191677e+00
7.192012e+00
7.192347e+00
7.192682e+00
7.193016e+00
7.193351e+00
7.193686e+00
7.194021e+00
7.194355e+00
7.194690e+00
7.195025e+00
7.195360e+00
7.195694e+00
7.196029e+00
7.196364e+00
7.196699e+00
7.197033e+00
7.197368e+00
7.197703e+00
7.198038e+00
7.198372e+00
7.198707e+00
7.199042e+00
7.199377e+00
7.199712e+00
7.200046e+00
7.200381e+00
7.200716e+00
7.201051e+00
7.201385e+00
7.201720e+00
7.202055e+00
7.202390e+00
7.202724e+00
7.203059e+00
7.203394e+00
7.203729e+00
7.204064e+00
7.204398e+00
7.204733e+00
7.205068e+00
7.205403e+00
7.205737e+00
7.206072e+00
7.206407e+00
7.206742e+00
7.207077e+00
7.207411e+00
7.207746e+00
7.208081e+00
7.208416e+00
7.208751e+00
7.209086e+00
7.209420e+00
7.209755e+00
7.210090e+00
7.210425e+00
7.210760e+00
7.211095e+00
7.211430e+00
7.211764e+00
7.212099e+00
7.212434e+00
7.212769e+00
7.213104e+00
7.213439e+00
7.213774e+00
7.214109e+00
7.214444e+00
7.214779e+00
7.215114e+00
7.215449e+00
7.215784e+00
7.216119e+00
7.216455e+00
7.216790e+00
7.217125e+00
7.217461e+00
7.217797e+00
7.218133e+00
7.218470e+00
7.218813e+00
7.219157e+00
7.219502e+00
7.219847e+00
7.220192e+00
7.220538e+00
7.220884e+00
7.221229e+00
7.221575e+00
7.221921e+00
7.222267e+00
7.222613e+00
7.222959e+00
7.223305e+00
7.223651e+00
7.223997e+00
7.224343e+00
7.224689e+00
7.225035e+00
7.225381e+00
7.225727e+00
7.226073e+00
7.226419e+00
7.226765e+00
7.227111e+00
7.227457e+00
7.227803e+00
7.228149e+00
7.228495e+00
7.228841e+00
7.229187e+00
7.229533e+00
7.229879e+00
7.230225e+00
7.230571e+00
7.230917e+00
7.231263e+00
7.231609e+00
7.231955e+00
7.232301e+00
7.232647e+00
7.232993e+00
7.233339e+00
7.233685e+00
7.234031e+00
7.234377e+00
7.234723e+00
7.235069e+00
7.235416e+00
7.235762e+00
7.236108e+00
7.236454e+00
7.236800e+00
7.237146e+00
7.237492e+00
7.237838e+00
7.238184e+00
7.238530e+00
7.238876e+00
7.239222e+00
7.239568e+00
7.239914e+00
7.240260e+00
7.240606e+00
7.240952e+00
7.241298e+00
7.241644e+00
7.241990e+00
7.242336e+00
7.242682e+00
7.243028e+00
7.243375e+00
7.243721e+00
7.244067e+00
7.244413e+00
7.244759e+00
7.245105e+00
7.245451e+00
7.245797e+00
7.246143e+00
7.246489e+00
7.246835e+00
7.247181e+00
7.247527e+00
7.247873e+00
7.248219e+00
7.248565e+00
7.248911e+00
7.249257e+00
7.249603e+00
7.249949e+00
7.250295e+00
7.250641e+00
7.250987e+00
7.251333e+00
7.251679e+00
7.252025e+00
7.252371e+00
7.252717e+00
7.253063e+00
7.253409e+00
7.253755e+00
7.254101e+00
7.254447e+00
7.254793e+00
7.255139e+00
7.255485e+00
7.255831e+00
7.256177e+00
7.256523e+00
7.256869e+00
7.257215e+00
7.257561e+00
7.257907e+00
7.258253e+00
7.258599e+00
7.258945e+00
7.259291e+00
7.259637e+00
7.259983e+00
7.260329e+00
7.260675e+00
7.261021e+00
7.261367e+00
7.261712e+00
7.262058e+00
7.262404e+00
7.262750e+00
7.263096e+00
7.263442e+00
7.263788e+00
7.264134e+00
7.264480e+00
7.264825e+00
7.265171e+00
7.265517e+00
7.265863e+00
7.266209e+00
7.266555e+00
7.266900e+00
7.267246e+00
7.267592e+00
7.267938e+00
7.268283e+00
7.268629e+00
7.268975e+00
7.269321e+00
7.269666e+00
7.270012e+00
7.270358e+00
7.270703e+00
7.271049e+00
7.271395e+00
7.271740e+00
7.272086e+00
7.272432e+00
7.272777e+00
7.273123e+00
7.273468e+00
7.273814e+00
7.274160e+00
7.274505e+00
7.274851e+00
7.275196e+00
7.275542e+00
7.275887e+00
7.276233e+00
7.276578e+00
7.276924e+00
7.277269e+00
7.277615e+00
7.277960e+00
7.278306e+00
7.278651e+00
7.278997e+00
7.279342e+00
7.279688e+00
7.280033e+00
7.280378e+00
7.280724e+00
7.281069e+00
7.281414e+00
7.281760e+00
7.282105e+00
7.282450e+00
7.282796e+00
7.283141e+00
7.283486e+00
7.283831e+00
7.284176e+00
7.284521e+00
7.284866e+00
7.285211e+00
7.285556e+00
7.285901e+00
7.286246e+00
7.286591e+00
7.286935e+00
7.287280e+00
7.287624e+00
7.287968e+00
7.288312e+00
7.288654e+00
7.288986e+00
7.289057e+00
7.289124e+00
7.289189e+00
7.289254e+00
7.289319e+00
7.289383e+00
7.289447e+00
7.289511e+00
7.289575e+00
7.289638e+00
7.289702e+00
7.289765e+00
7.289828e+00
7.289891e+00
7.289954e+00
7.290016e+00
7.290078e+00
7.290139e+00
7.290199e+00
7.290254e+00
7.289417e+00
7.288411e+00
7.287400e+00
7.286387e+00
7.285373e+00
7.284359e+00
7.283345e+00
7.282331e+00
7.281317e+00
7.280302e+00
7.279288e+00
7.278274e+00
7.277259e+00
7.276245e+00
7.275230e+00
7.274216e+00
7.273201e+00
7.272187e+00
7.271172e+00
7.270158e+00
7.269143e+00
7.268128e+00
7.267114e+00
7.266099e+00
7.265085e+00
7.264070e+00
7.263055e+00
7.262041e+00
7.261026e+00
7.260011e+00
7.258997e+00
7.257982e+00
7.256968e+00
7.255953e+00
7.254938e+00
7.253924e+00
7.252909e+00
7.251894e+00
7.250880e+00
7.249865e+00
7.248850e+00
7.247836e+00
7.246821e+00
7.245806e+00
7.244792e+00
7.243777e+00
7.242762e+00
7.241748e+00
7.240733e+00
7.239718e+00
7.238704e+00
7.237689e+00
7.236674e+00
7.235660e+00
7.234645e+00
7.233630e+00
7.232616e+00
7.231601e+00
7.230586e+00
7.229572e+00
7.228557e+00
7.227542e+00
7.226528e+00
7.225513e+00
7.224498e+00
7.223484e+00
7.222469e+00
7.221454e+00
7.220440e+00
7.219425e+00
7.218410e+00
7.217396e+00
7.216381e+00
7.215366e+00
7.214351e+00
7.213337e+00
7.212322e+00
7.211307e+00
7.210293e+00
7.209278e+00
7.208263e+00
7.207249e+00
7.206234e+00
7.205219e+00
7.204205e+00
7.203190e+00
7.202175e+00
7.201161e+00
7.200146e+00
7.199131e+00
7.198117e+00
7.197102e+00
7.196087e+00
7.195072e+00
7.194058e+00
7.193043e+00
7.192028e+00
7.191014e+00
7.189999e+00
7.188984e+00
7.187970e+00
7.186955e+00
7.185940e+00
7.184926e+00
7.183911e+00
7.182896e+00
7.181882e+00
7.180867e+00
7.179852e+00
7.178838e+00
7.177823e+00
7.176808e+00
7.175794e+00
7.174779e+00
7.173764e+00
7.172750e+00
7.171735e+00
7.170720e+00
7.169706e+00
7.168691e+00
7.167676e+00
7.166662e+00
7.165647e+00
7.164632e+00
7.163618e+00
7.162603e+00
7.161588e+00
7.160574e+00
7.159559e+00
7.158544e+00
7.157530e+00
7.156515e+00
7.155501e+00
7.154486e+00
7.153471e+00
7.152457e+00
7.151442e+00
7.150427e+00
7.149413e+00
7.148398e+00
7.147384e+00
7.146369e+00
7.145355e+00
7.144340e+00
7.143325e+00
7.142311e+00
7.141296e+00
7.140282e+00
7.139268e+00
7.138253e+00
7.137239e+00
7.136226e+00
7.135410e+00
7.134595e+00
7.133781e+00
7.132966e+00
7.132152e+00
7.131337e+00
7.130523e+00
7.129709e+00
7.128895e+00
7.128080e+00
7.127266e+00
7.126452e+00
7.125638e+00
7.124823e+00
7.124009e+00
7.123195e+00
7.122381e+00
7.121567e+00
7.120752e+00
7.119938e+00
7.119124e+00
7.118310e+00
7.117496e+00
7.116682e+00
7.115867e+00
7.115053e+00
7.114239e+00
7.113425e+00
7.112611e+00
7.111797e+00
7.110982e+00
7.110168e+00
7.109354e+00
7.108540e+00
7.107726e+00
7.106912e+00
7.106097e+00
7.105283e+00
7.104469e+00
7.103655e+00
7.102841e+00
7.102027e+00
7.101213e+00
7.100398e+00
7.099584e+00
7.098770e+00
7.097956e+00
7.097142e+00
7.096328e+00
7.095513e+00
7.094699e+00
7.093885e+00
7.093071e+00
7.092257e+00
7.091443e+00
7.090629e+00
7.089814e+00
7.089000e+00
7.088186e+00
7.087372e+00
7.086558e+00
7.085744e+00
7.084929e+00
7.084115e+00
7.083301e+00
7.082487e+00
7.081673e+00
7.080859e+00
7.080045e+00
7.079230e+00
7.078416e+00
7.077602e+00
7.076788e+00
7.075974e+00
7.075160e+00
7.074346e+00
7.073531e+00
7.072717e+00
7.071903e+00
7.071089e+00
7.070275e+00
7.069461e+00
7.068647e+00
7.067832e+00
7.067018e+00
7.066204e+00
7.065390e+00
7.064576e+00
7.063762e+00
7.062948e+00
7.062133e+00
7.061319e+00
7.060505e+00
7.059691e+00
7.058877e+00
7.058063e+00
7.057249e+00
7.056435e+00
7.055620e+00
7.054806e+00
7.053992e+00
7.053178e+00
7.052364e+00
7.051550e+00
7.050736e+00
7.049922e+00
7.049107e+00
7.048293e+00
7.047479e+00
7.046665e+00
7.045851e+00
7.045037e+00
7.044223e+00
7.043409e+00
7.042595e+00
7.041781e+00
7.040967e+00
7.040152e+00
7.039338e+00
7.038524e+00
7.037710e+00
7.036897e+00
7.036083e+00
7.035269e+00
7.034456e+00
7.033647e+00
7.033459e+00
7.033273e+00
7.033086e+00
7.032900e+00
7.032714e+00
7.032528e+00
7.032342e+00
7.032155e+00
7.031969e+00
7.031783e+00
7.031597e+00
7.031411e+00
7.031225e+00
7.031039e+00
7.030853e+00
7.030667e+00
7.030481e+00
7.030295e+00
7.030109e+00
7.029923e+00
7.029737e+00
7.029551e+00
7.029365e+00
7.029179e+00
7.028993e+00
7.028807e+00
7.028621e+00
7.028435e+00
7.028249e+00
7.028063e+00
7.027877e+00
7.027691e+00
7.027505e+00
7.027319e+00
7.027133e+00
7.026947e+00
7.026761e+00
7.026575e+00
7.026389e+00
7.026203e+00
7.026017e+00
7.025831e+00
7.025645e+00
7.025459e+00
7.025273e+00
7.025087e+00
7.024901e+00
7.024715e+00
7.024529e+00
7.024343e+00
7.024157e+00
7.023971e+00
7.023785e+00
7.023599e+00
7.023413e+00
7.023227e+00
7.023041e+00
7.022855e+00
7.022669e+00
7.022483e+00
7.022297e+00
7.022111e+00
7.021925e+00
7.021739e+00
7.021553e+00
7.021367e+00
7.021181e+00
7.020995e+00
7.020809e+00
7.020623e+00
7.020437e+00
7.020251e+00
7.020065e+00
7.019879e+00
7.019693e+00
7.019507e+00
7.019321e+00
7.019135e+00
7.018949e+00
7.018763e+00
7.018577e+00
7.018391e+00
7.018205e+00
7.018019e+00
7.017833e+00
7.017647e+00
7.017461e+00
7.017275e+00
7.017089e+00
7.016903e+00
7.016717e+00
7.016531e+00
7.016345e+00
7.016159e+00
7.015972e+00
7.015786e+00
7.015600e+00
7.015414e+00
7.015228e+00
7.015042e+00
7.014856e+00
7.014670e+00
7.014484e+00
7.014298e+00
7.014112e+00
7.013926e+00
7.013739e+00
7.013553e+00
7.013367e+00
7.013181e+00
7.012995e+00
7.012809e+00
7.012622e+00
7.012436e+00
7.012250e+00
7.012064e+00
7.011877e+00
7.011691e+00
7.011504e+00
7.011317e+00
7.011130e+00
7.010942e+00
7.010752e+00
7.009560e+00
7.007700e+00
7.005839e+00
7.003976e+00
7.002114e+00
7.000251e+00
6.998389e+00
6.996526e+00
6.994663e+00
6.992800e+00
6.990937e+00
6.989074e+00
6.987211e+00
6.985348e+00
6.983485e+00
6.981622e+00
6.979759e+00
6.977896e+00
6.976033e+00
6.974170e+00
6.972307e+00
6.970444e+00
6.968580e+00
6.966717e+00
6.964854e+00
6.962991e+00
6.961128e+00
6.959265e+00
6.957402e+00
6.955538e+00
6.953675e+00
6.951812e+00
6.949949e+00
6.948086e+00
6.946223e+00
6.944359e+00
6.942496e+00
6.940633e+00
6.938770e+00
6.936907e+00
6.935044e+00
6.933180e+00
6.931317e+00
6.929454e+00
6.927591e+00
6.925728e+00
6.923864e+00
6.922001e+00
6.920138e+00
6.918275e+00
6.916412e+00
6.914548e+00
6.912685e+00
6.910822e+00
6.908959e+00
6.907096e+00
6.905232e+00
6.903369e+00
6.901506e+00
6.899643e+00
6.897780e+00
6.895916e+00
6.894053e+00
6.892190e+00
6.890327e+00
6.888464e+00
6.886600e+00
6.884737e+00
6.882874e+00
6.881011e+00
6.879148e+00
6.877284e+00
6.875421e+00
6.873558e+00
6.871695e+00
6.869832e+00
6.867968e+00
6.866105e+00
6.864242e+00
6.862379e+00
6.860516e+00
6.858653e+00
6.856789e+00
6.854926e+00
6.853063e+00
6.851200e+00
6.849337e+00
6.847474e+00
6.845611e+00
6.843748e+00
6.841884e+00
6.840021e+00
6.838158e+00
6.836295e+00
6.834432e+00
6.832569e+00
6.830706e+00
6.828843e+00
6.826980e+00
6.825117e+00
6.823254e+00
6.821392e+00
6.819529e+00
6.817666e+00
6.815803e+00
6.813940e+00
6.812077e+00
6.810214e+00
6.808352e+00
6.806489e+00
6.804626e+00
6.802763e+00
6.800900e+00
6.799038e+00
6.797175e+00
6.795312e+00
6.793450e+00
6.791587e+00
6.789725e+00
6.787862e+00
6.786000e+00
6.784137e+00
6.782275e+00
6.780413e+00
6.778551e+00
6.776691e+00
6.776687e+00
6.776686e+00
6.776686e+00
6.776686e+00
6.776687e+00
6.776687e+00
6.776688e+00
6.776688e+00
6.776689e+00
6.776690e+00
6.776690e+00
6.776691e+00
6.776692e+00
6.776693e+00
6.776693e+00
6.776694e+00
6.776695e+00
6.776696e+00
6.776696e+00
6.776697e+00
6.776698e+00
6.776699e+00
6.776700e+00
6.776701e+00
6.776701e+00
6.776702e+00
6.776703e+00
6.776704e+00
6.776705e+00
6.776705e+00
6.776706e+00
6.776707e+00
6.776708e+00
6.776709e+00
6.776710e+00
6.776710e+00
6.776711e+00
6.776712e+00
6.776713e+00
6.776714e+00
6.776715e+00
6.776715e+00
6.776716e+00
6.776717e+00
6.776718e+00
6.776719e+00
6.776720e+00
6.776721e+00
6.776721e+00
6.776722e+00
6.776723e+00
6.776724e+00
6.776725e+00
6.776726e+00
6.776727e+00
6.776727e+00
6.776728e+00
6.776729e+00
6.776730e+00
6.776731e+00
6.776732e+00
6.776733e+00
6.776734e+00
6.776734e+00
6.776735e+00
6.776736e+00
6.776737e+00
6.776738e+00
6.776739e+00
6.776740e+00
6.776741e+00
6.776741e+00
6.776742e+00
6.776743e+00
6.776744e+00
6.776745e+00
6.776746e+00
6.776747e+00
6.776748e+00
6.776749e+00
6.776749e+00
6.776750e+00
6.776751e+00
6.776752e+00
6.776753e+00
6.776754e+00
6.776755e+00
6.776756e+00
6.776757e+00
6.776758e+00
6.776759e+00
6.776760e+00
6.776761e+00
6.776762e+00
6.776763e+00
6.776764e+00
6.776765e+00
6.776766e+00
6.776767e+00
6.776768e+00
6.776769e+00
6.776770e+00
6.776772e+00
6.776773e+00
6.776775e+00
6.776777e+00
6.776780e+00
6.777822e+00
6.778868e+00
6.779916e+00
6.780963e+00
6.782011e+00
6.783059e+00
6.784107e+00
6.785155e+00
6.786203e+00
6.787252e+00
6.788300e+00
6.789348e+00
6.790396e+00
6.791444e+00
6.792492e+00
6.793541e+00
6.794589e+00
6.795637e+00
6.796685e+00
6.797733e+00
6.798782e+00
6.799830e+00
6.800878e+00
6.801926e+00
6.802975e+00
6.804023e+00
6.805071e+00
6.806119e+00
6.807168e+00
6.808216e+00
6.809264e+00
6.810312e+00
6.811361e+00
6.812409e+00
6.813457e+00
6.814505e+00
6.815554e+00
6.816602e+00
6.817650e+00
6.818698e+00
6.819747e+00
6.820795e+00
6.821843e+00
6.822892e+00
6.823940e+00
6.824988e+00
6.826036e+00
6.827085e+00
6.828133e+00
6.829181e+00
6.830229e+00
6.831278e+00
6.832326e+00
6.833374e+00
6.834423e+00
6.835471e+00
6.836519e+00
6.837567e+00
6.838616e+00
6.839664e+00
6.840712e+00
6.841760e+00
6.842809e+00
6.843857e+00
6.844905e+00
6.845953e+00
6.847002e+00
6.848050e+00
6.849098e+00
6.850146e+00
6.851195e+00
6.852243e+00
6.853291e+00
6.854339e+00
6.855388e+00
6.856436e+00
6.857484e+00
6.858532e+00
6.859581e+00
6.860629e+00
6.861677e+00
6.862725e+00
6.863773e+00
6.864822e+00
6.865870e+00
6.866918e+00
6.867966e+00
6.869014e+00
6.870063e+00
6.871111e+00
6.872159e+00
6.873207e+00
6.874255e+00
6.875303e+00
6.876351e+00
6.877400e+00
6.878448e+00
6.879496e+00
6.880544e+00
6.881592e+00
6.882640e+00
6.883688e+00
6.884736e+00
6.885784e+00
6.886832e+00
6.887880e+00
6.888928e+00
6.889976e+00
6.891024e+00
6.892072e+00
6.893120e+00
6.894168e+00
6.895216e+00
6.896264e+00
6.897312e+00
6.898360e+00
6.899407e+00
6.900455e+00
6.901503e+00
6.902551e+00
6.903599e+00
6.904647e+00
6.905695e+00
6.906742e+00
6.907790e+00
6.908838e+00
6.909886e+00
6.910933e+00
6.911981e+00
6.913029e+00
6.914077e+00
6.915124e+00
6.916172e+00
6.917220e+00
6.918267e+00
6.919315e+00
6.920362e+00
6.921410e+00
6.922458e+00
6.923505e+00
6.924553e+00
6.925600e+00
6.926648e+00
6.927695e+00
6.928743e+00
6.929791e+00
6.930838e+00
6.931886e+00
6.932933e+00
6.933980e+00
6.935028e+00
6.936075e+00
6.937123e+00
6.938170e+00
6.939218e+00
6.940265e+00
6.941312e+00
6.942360e+00
6.943407e+00
6.944455e+00
6.945502e+00
6.946549e+00
6.947597e+00
6.948644e+00
6.949691e+00
6.950739e+00
6.951786e+00
6.952833e+00
6.953881e+00
6.954928e+00
6.955975e+00
6.957022e+00
6.958070e+00
6.959117e+00
6.960164e+00
6.961211e+00
6.962259e+00
6.963306e+00
6.964353e+00
6.965400e+00
6.966448e+00
6.967495e+00
6.968542e+00
6.969589e+00
6.970636e+00
6.971683e+00
6.972731e+00
6.973778e+00
6.974825e+00
6.975872e+00
6.976919e+00
6.977966e+00
6.979013e+00
6.980060e+00
6.981108e+00
6.982155e+00
6.983202e+00
6.984249e+00
6.985296e+00
6.986343e+00
6.987390e+00
6.988437e+00
6.989484e+00
6.990531e+00
6.991578e+00
6.992625e+00
6.993672e+00
6.994719e+00
6.995766e+00
6.996813e+00
6.997860e+00
6.998906e+00
6.999953e+00
7.001000e+00
7.002047e+00
7.003093e+00
7.004140e+00
7.005187e+00
7.006233e+00
7.007279e+00
7.008325e+00
7.009371e+00
7.010417e+00
7.011461e+00
7.012503e+00
7.013529e+00
7.013658e+00
7.013786e+00
7.013914e+00
7.014041e+00
7.014168e+00
7.014295e+00
7.014421e+00
7.014548e+00
7.014675e+00
7.014802e+00
7.014928e+00
7.015055e+00
7.015181e+00
7.015308e+00
7.015435e+00
7.015561e+00
7.015688e+00
7.015814e+00
7.015941e+00
7.016067e+00
7.016194e+00
7.016320e+00
7.016446e+00
7.016573e+00
7.016699e+00
7.016826e+00
7.016952e+00
7.017079e+00
7.017205e+00
7.017332e+00
7.017458e+00
7.017584e+00
7.017711e+00
7.017837e+00
7.017964e+00
7.018090e+00
7.018216e+00
7.018343e+00
7.018469e+00
7.018596e+00
7.018722e+00
7.018848e+00
7.018975e+00
7.019101e+00
7.019228e+00
7.019354e+00
7.019480e+00
7.019607e+00
7.019733e+00
7.019859e+00
7.019986e+00
7.020112e+00
7.020239e+00
7.020365e+00
7.020491e+00
7.020618e+00
7.020744e+00
7.020870e+00
7.020997e+00
7.021123e+00
7.021250e+00
7.021376e+00
7.021502e+00
7.021629e+00
7.021755e+00
7.021881e+00
7.022008e+00
7.022134e+00
7.022261e+00
7.022387e+00
7.022513e+00
7.022640e+00
7.022766e+00
7.022892e+00
7.023019e+00
7.023145e+00
7.023271e+00
7.023398e+00
7.023524e+00
7.023651e+00
7.023777e+00
7.023903e+00
7.024030e+00
7.024156e+00
7.024282e+00
7.024409e+00
7.024535e+00
7.024662e+00
7.024788e+00
7.024914e+00
7.025041e+00
7.025167e+00
7.025293e+00
7.025420e+00
7.025546e+00
7.025673e+00
7.025799e+00
7.025925e+00
7.026052e+00
7.026178e+00
7.026305e+00
7.026431e+00
7.026557e+00
7.026684e+00
7.026810e+00
7.026937e+00
7.027063e+00
7.027189e+00
7.027316e+00
7.027442e+00
7.027569e+00
7.027695e+00
7.027821e+00
7.027948e+00
7.028074e+00
7.028201e+00
7.028327e+00
7.028454e+00
7.028580e+00
7.028706e+00
7.028833e+00
7.028959e+00
7.029086e+00
7.029212e+00
7.029339e+00
7.029465e+00
7.029592e+00
7.029718e+00
7.029845e+00
7.029971e+00
7.030098e+00
7.030224e+00
7.030351e+00
7.030478e+00
7.030604e+00
7.030731e+00
7.030858e+00
7.030985e+00
7.031112e+00
7.031240e+00
7.031368e+00
7.031521e+00
7.031806e+00
7.032092e+00
7.032377e+00
7.032663e+00
7.032949e+00
7.033235e+00
7.033521e+00
7.033807e+00
7.034093e+00
7.034379e+00
7.034665e+00
7.034951e+00
7.035237e+00
7.035523e+00
7.035809e+00
7.036095e+00
7.036382e+00
7.036668e+00
7.036954e+00
7.037240e+00
7.037526e+00
7.037812e+00
7.038099e+00
7.038385e+00
7.038671e+00
7.038957e+00
7.039244e+00
7.039530e+00
7.039816e+00
7.040102e+00
7.040388e+00
7.040675e+00
7.040961e+00
7.041247e+00
7.041533e+00
7.041820e+00
7.042106e+00
7.042392e+00
7.042678e+00
7.042965e+00
7.043251e+00
7.043537e+00
7.043823e+00
7.044110e+00
7.044396e+00
7.044682e+00
7.044968e+00
7.045255e+00
7.045541e+00
7.045827e+00
7.046113e+00
7.046400e+00
7.046686e+00
7.046972e+00
7.047258e+00
7.047545e+00
7.047831e+00
7.048117e+00
7.048404e+00
7.048690e+00
7.048976e+00
7.049262e+00
7.049549e+00
7.049835e+00
7.050121e+00
7.050407e+00
7.050694e+00
7.050980e+00
7.051266e+00
7.051552e+00
7.051839e+00
7.052125e+00
7.052411e+00
7.052697e+00
7.052984e+00
7.053270e+00
7.053556e+00
7.053843e+00
7.054129e+00
7.054415e+00
7.054701e+00
7.054988e+00
7.055274e+00
7.055560e+00
7.055846e+00
7.056133e+00
7.056419e+00
7.056705e+00
7.056991e+00
7.057277e+00
7.057564e+00
7.057850e+00
7.058136e+00
7.058422e+00
7.058709e+00
7.058995e+00
7.059281e+00
7.059567e+00
7.059853e+00
7.060140e+00
7.060426e+00
7.060712e+00
7.060998e+00
7.061284e+00
7.061571e+00
7.061857e+00
7.062143e+00
7.062429e+00
7.062715e+00
7.063001e+00
7.063288e+00
7.063574e+00
7.063860e+00
7.064146e+00
7.064432e+00
7.064718e+00
7.065004e+00
7.065291e+00
7.065577e+00
7.065863e+00
7.066149e+00
7.066435e+00
7.066721e+00
7.067007e+00
7.067293e+00
7.067579e+00
7.067865e+00
7.068152e+00
7.068438e+00
7.068724e+00
7.069010e+00
7.069296e+00
7.069582e+00
7.069868e+00
7.070154e+00
7.070440e+00
7.070726e+00
7.071012e+00
7.071298e+00
7.071584e+00
7.071870e+00
7.072156e+00
7.072442e+00
7.072728e+00
7.073014e+00
7.073300e+00
7.073586e+00
7.073872e+00
7.074158e+00
7.074444e+00
7.074730e+00
7.075016e+00
7.075302e+00
7.075588e+00
7.075874e+00
7.076160e+00
7.076446e+00
7.076732e+00
7.077018e+00
7.077303e+00
7.077589e+00
7.077875e+00
7.078161e+00
7.078447e+00
7.078733e+00
7.079019e+00
7.079305e+00
7.079591e+00
7.079877e+00
7.080163e+00
7.080449e+00
7.080735e+00
7.081021e+00
7.081307e+00
7.081593e+00
7.081878e+00
7.082164e+00
7.082450e+00
7.082736e+00
7.083022e+00
7.083308e+00
7.083594e+00
7.083880e+00
7.084166e+00
7.084452e+00
7.084738e+00
7.085024e+00
7.085310e+00
7.085595e+00
7.085881e+00
7.086167e+00
7.086453e+00
7.086739e+00
7.087025e+00
7.087311e+00
7.087597e+00
7.087883e+00
7.088169e+00
7.088455e+00
7.088740e+00
7.089026e+00
7.089312e+00
7.089598e+00
7.089884e+00
7.090170e+00
7.090456e+00
7.090742e+00
7.091028e+00
7.091313e+00
7.091599e+00
7.091885e+00
7.092171e+00
7.092457e+00
7.092743e+00
7.093029e+00
7.093315e+00
7.093601e+00
7.093886e+00
7.094172e+00
7.094458e+00
7.094744e+00
7.095030e+00
7.095316e+00
7.095602e+00
7.095888e+00
7.096173e+00
7.096459e+00
7.096745e+00
7.097031e+00
7.097317e+00
7.097603e+00
7.097889e+00
7.098174e+00
7.098460e+00
7.098746e+00
7.099032e+00
7.099318e+00
7.099604e+00
7.099890e+00
7.100175e+00
7.100461e+00
7.100747e+00
7.101033e+00
7.101319e+00
7.101605e+00
7.101890e+00
7.102176e+00
7.102462e+00
7.102748e+00
7.103034e+00
7.103320e+00
7.103605e+00
7.103891e+00
7.104177e+00
7.104463e+00
7.104749e+00
7.105034e+00
7.105320e+00
7.105606e+00
7.105892e+00
7.106178e+00
7.106463e+00
7.106749e+00
7.107035e+00
7.107321e+00
7.107607e+00
7.107892e+00
7.108178e+00
7.108464e+00
7.108750e+00
7.109036e+00
7.109321e+00
7.109607e+00
7.109893e+00
7.110179e+00
7.110465e+00
7.110750e+00
7.111036e+00
7.111322e+00
7.111608e+00
7.111894e+00
7.112179e+00
7.112465e+00
7.112751e+00
7.113037e+00
7.113322e+00
7.113608e+00
7.113894e+00
7.114180e+00
7.114466e+00
7.114751e+00
7.115037e+00
7.115323e+00
7.115609e+00
7.115894e+00
7.116180e+00
7.116466e+00
7.116752e+00
7.117037e+00
7.117323e+00
7.117609e+00
7.117895e+00
7.118181e+00
7.118466e+00
7.118752e+00
7.119038e+00
7.119324e+00
7.119609e+00
7.119895e+00
7.120181e+00
7.120467e+00
7.120752e+00
7.121038e+00
7.121324e+00
7.121610e+00
7.121895e+00
7.122181e+00
7.122467e+00
7.122753e+00
7.123038e+00
7.123324e+00
7.123610e+00
7.123895e+00
7.124181e+00
7.124467e+00
7.124753e+00
7.125038e+00
7.125324e+00
7.125610e+00
7.125896e+00
7.126181e+00
7.126467e+00
7.126753e+00
7.127038e+00
7.127324e+00
7.127610e+00
7.127895e+00
7.128181e+00
7.128467e+00
7.128752e+00
7.129038e+00
7.129324e+00
7.129610e+00
7.129895e+00
7.130181e+00
7.130466e+00
7.130752e+00
7.131038e+00
7.131323e+00
7.131609e+00
7.131895e+00
7.132180e+00
7.132466e+00
7.132752e+00
7.133037e+00
7.133323e+00
7.133608e+00
7.133894e+00
7.134179e+00
7.134465e+00
7.134751e+00
7.135036e+00
7.135322e+00
7.135607e+00
7.135893e+00
7.136178e+00
7.136464e+00
7.136749e+00
7.137035e+00
7.137320e+00
7.137606e+00
7.137891e+00
7.138177e+00
7.138462e+00
7.138748e+00
7.139033e+00
7.139319e+00
7.139604e+00
7.139890e+00
7.140175e+00
7.140460e+00
7.140746e+00
7.141031e+00
7.141317e+00
7.141602e+00
7.141888e+00
7.142173e+00
7.142458e+00
7.142744e+00
7.143029e+00
7.143315e+00
7.143600e+00
7.143885e+00
7.144171e+00
7.144456e+00
7.144741e+00
7.145027e+00
7.145312e+00
7.145598e+00
7.145883e+00
7.146168e+00
7.146454e+00
7.146739e+00
7.147024e+00
7.147310e+00
7.147595e+00
7.147880e+00
7.148166e+00
7.148451e+00
7.148736e+00
7.149022e+00
7.149307e+00
7.149592e+00
7.149878e+00
7.150163e+00
7.150448e+00
7.150734e+00
7.151019e+00
7.151304e+00
7.151590e+00
7.151875e+00
7.152160e+00
7.152446e+00
7.152731e+00
7.153016e+00
7.153302e+00
7.153587e+00
7.153872e+00
7.154158e+00
7.154443e+00
7.154728e+00
7.155014e+00
7.155299e+00
7.155584e+00
7.155870e+00
7.156155e+00
7.156440e+00
7.156725e+00
7.157011e+00
7.157296e+00
7.157581e+00
7.157867e+00
7.158152e+00
7.158437e+00
7.158723e+00
7.159008e+00
7.159293e+00
7.159579e+00
7.159864e+00
7.160149e+00
7.160435e+00
7.160720e+00
7.161005e+00
7.161291e+00
7.161576e+00
7.161861e+00
7.162147e+00
7.162432e+00
7.162717e+00
7.163003e+00
7.163288e+00
7.163573e+00
7.163859e+00
7.164144e+00
7.164429e+00
7.164715e+00
7.165000e+00
7.165285e+00
7.165571e+00
7.165856e+00
7.166142e+00
7.166427e+00
7.166712e+00
7.166998e+00
7.167283e+00
7.167569e+00
7.167854e+00
7.168139e+00
7.168425e+00
7.168710e+00
7.168996e+00
7.169281e+00
7.169567e+00
7.169852e+00
7.170138e+00
7.170424e+00
7.170709e+00
7.170995e+00
7.171281e+00
7.171567e+00
7.171854e+00
7.172141e+00
7.172803e+00
7.173480e+00
7.174161e+00
7.174842e+00
7.175525e+00
7.176207e+00
7.176890e+00
7.177573e+00
7.178256e+00
7.178939e+00
7.179622e+00
7.180305e+00
7.180989e+00
7.181672e+00
7.182355e+00
7.183039e+00
7.183722e+00
7.184405e+00
7.185089e+00
7.185772e+00
7.186456e+00
7.187139e+00
7.187823e+00
7.188506e+00
7.189189e+00
7.189873e+00
7.190556e+00
7.191240e+00
7.191923e+00
7.192607e+00
7.193290e+00
7.193974e+00
7.194657e+00
7.195341e+00
7.196024e+00
7.196708e+00
7.197392e+00
7.198075e+00
7.198759e+00
7.199442e+00
7.200126e+00
7.200809e+00
7.201493e+00
7.202176e+00
7.202860e+00
7.203543e+00
7.204227e+00
7.204911e+00
7.205594e+00
7.206278e+00
7.206961e+00
7.207645e+00
7.208328e+00
7.209012e+00
7.209695e+00
7.210379e+00
7.211063e+00
7.211746e+00
7.212430e+00
7.213113e+00
7.213797e+00
7.214480e+00
7.215164e+00
7.215848e+00
7.216531e+00
7.217215e+00
7.217898e+00
7.218582e+00
7.219265e+00
7.219949e+00
7.220633e+00
7.221316e+00
7.222000e+00
7.222683e+00
7.223367e+00
7.224051e+00
7.224734e+00
7.225418e+00
7.226101e+00
7.226785e+00
7.227468e+00
7.228152e+00
7.228836e+00
7.229519e+00
7.230203e+00
7.230886e+00
7.231570e+00
7.232254e+00
7.232937e+00
7.233621e+00
7.234304e+00
7.234988e+00
7.235671e+00
7.236355e+00
7.237039e+00
7.237722e+00
7.238406e+00
7.239089e+00
7.239773e+00
7.240457e+00
7.241140e+00
7.241824e+00
7.242507e+00
7.243191e+00
7.243874e+00
7.244558e+00
7.245242e+00
7.245925e+00
7.246609e+00
7.247292e+00
7.247976e+00
7.248659e+00
7.249343e+00
7.250027e+00
7.250710e+00
7.251394e+00
7.252077e+00
7.252761e+00
7.253445e+00
7.254128e+00
7.254812e+00
7.255495e+00
7.256179e+00
7.256862e+00
7.257546e+00
7.258230e+00
7.258913e+00
7.259597e+00
7.260280e+00
7.260964e+00
7.261647e+00
7.262331e+00
7.263015e+00
7.263698e+00
7.264382e+00
7.265065e+00
7.265749e+00
7.266432e+00
7.267116e+00
7.267800e+00
7.268483e+00
7.269167e+00
7.269850e+00
7.270534e+00
7.271218e+00
7.271901e+00
7.272585e+00
7.273268e+00
7.273952e+00
7.274635e+00
7.275319e+00
7.276003e+00
7.276686e+00
7.277370e+00

